t,M,AM,Mp,AMp
0.0,1.0,0.0,0.0,0.0
0.01,0.9965078606448814,2.5563485499636662e-09,0.003484464969043328,7.671829726781427e-06
0.02,0.9930313853398252,2.0373268326634486e-08,0.006938019175077098,3.057511182932653e-05
0.03,0.9895704886410116,6.849471850379562e-08,0.010360900239172278,6.854262509757862e-05
0.04,0.9861250856630192,1.6172640548588726e-07,0.013753343999912132,0.00012140861066312884
0.05,0.9826950920613312,3.146441608515232e-07,0.01711558456969437,0.00018900872481353436
0.06,0.9792804240366385,5.415929014980658e-07,0.02044785432139493,0.0002711800490651382
0.07,0.9758809983219147,8.566944035799388e-07,0.02375038393081761,0.0003677610528640884
0.08,0.9724967321573594,1.2738630174641611e-06,0.02702340245938855,0.0004785915202345592
0.09,0.9691275433430842,1.8067726341414425e-06,0.0302671371802792,0.0006035127040025312
0.1,0.9657733502157079,2.4688714071616566e-06,0.03348181365563893,0.0007423672572461932
0.11,0.9624340716404866,3.273386729388746e-06,0.03666765576256069,0.0008949992102236224
0.12,0.9591096270073118,4.233327782700857e-06,0.039824885706280594,0.0010612539586253278
0.13,0.9557999362267087,5.361488087690431e-06,0.04295372403337738,0.0012409782518267901
0.14,0.9525049197258344,6.670448053364339e-06,0.046054389644971994,0.001434020181141004
0.15,0.9492244984444761,8.172577526843977e-06,0.04912709980992702,0.0016402291680710174
0.16,0.9459585938310493,9.880038343065417e-06,0.0521720701780463,0.0018594559525624771
0.17,0.9427071278385962,1.180478687447947e-05,0.05518951479327438,0.0020915525812561647
0.18,0.939470022920784,1.3958576580751842e-05,0.05817964610689604,0.002336372395740541
0.19,0.9362472020063721,1.6352972380260182e-05,0.06114267506206947,0.002593769959179518
0.2,0.9330385884767222,1.899936335141368e-05,0.0640788111682813,0.0028636009916465487
0.21,0.9298441062367316,2.1908924137419842e-05,0.06698826226627465,0.0031457225728578394
0.22,0.9266636796745018,2.5092637443838e-05,0.06987123466161543,0.003439993026440551
0.23,0.9234972336553842,2.8561297660163858e-05,0.07272793314435971,0.003746271902597805
0.24,0.9203446935178138,3.232551349978977e-05,0.07555856100279781,0.004064419965890714
0.25,0.9172059850691434,3.6395710639965045e-05,0.07836332003719854,0.004394299183020427
0.26,0.9140810345814774,4.0782134361756235e-05,0.0811424105735533,0.004735772710610143
0.27,0.9109697687875054,4.5494852190007385e-05,0.08389603147732026,0.005088704882987155
0.28,0.9078721148763362,5.054375653330034e-05,0.08662438016716853,0.005452961199964882
0.29,0.9047880004893321,5.593856732391499e-05,0.08932765262872223,0.005828408314624897
0.3,0.9017173537159416,6.16888346577897e-05,0.0920060434283048,0.006214914021098965
0.31,0.8986601032133125,6.780385438488324e-05,0.09465974531970532,0.006612347612600523
0.32,0.8956161781520195,7.429270598674773e-05,0.09728894942266697,0.0070205797193300095
0.33,0.8925855080324279,8.116438143344638e-05,0.09989384582672567,0.007439481759416291
0.34,0.8895680227977614,8.842770537559563e-05,0.10247462321949055,0.007868926277375739
0.35000000000000003,0.886563652830711,9.609133723974576e-05,0.10503146889784193,0.00830878693421054
0.36,0.8835723289498594,0.00010416377345289017,0.10756456877973326,0.008758938496957771
0.37,0.880593982406105,0.00011265334966697503,0.11007410741599293,0.009219256828238466
0.38,0.8776285448790871,0.00012156824298340838,0.11256026800212603,0.009689618875806709
0.39,0.8746759484736109,0.00013091647417756979,0.1150232323901162,0.010169902662098693
0.4,0.8717361257160707,0.0001407059099233197,0.11746318110022752,0.010659987273781805
0.41000000000000003,0.8688090095508759,0.00015094426501750878,0.11988029333280623,0.011159752851303703
0.42,0.8658945333387347,0.00016163910322756312,0.12227474697397409,0.011669080584067081
0.43,0.862992630958262,0.00017279776163819447,0.12464671826193932,0.012187853018163958
0.44,0.8601032366882099,0.00018442743742548565,0.12699638217388742,0.012715953700480662
0.45,0.8572262851681438,0.00019653521654930303,0.12932391255520323,0.013253267060107066
0.46,0.8543617114451392,0.00020912803875655297,0.1316294819661472,0.013799678549960469
0.47000000000000003,0.8515094509705768,0.0002222126995308999,0.13391326169243836,0.014355074637457374
0.48,0.848669439596939,0.00023579585204248454,0.13617542175583675,0.014919342795185295
0.49,0.8458416135746047,0.0002498840090976422,0.13841613092472646,0.015492371491574541
0.5,0.8430259095486465,0.00026448354508862054,0.1406355567246983,0.016074050181569998
0.51,0.8402222645556247,0.00027960069794329807,0.14283386544913254,0.016664269297302935
0.52,0.8374306160203842,0.0002952415710749022,0.14501122216978163,0.017262920238762774
0.53,0.8346509017528497,0.0003114121353317274,0.1471677907473531,0.017869895364468903
0.54,0.831883059951751,0.00032811822569599625,0.14930373381930998,0.01848508800324631
0.55,0.8291270292814454,0.0003453654825899761,0.15141921254733637,0.019108392688631612
0.56,0.8263827487479873,0.00036315944531047843,0.1535143870248495,0.01973970478185605
0.5700000000000001,0.8236501577129899,0.0003815055410467578,0.1555894162314749,0.020378920514491843
0.58,0.8209291959124884,0.000400409070107262,0.15764445797107202,0.02102593704633573
0.59,0.8182198034540034,0.000419875207666714,0.1596796688814381,0.021680652456895162
0.6,0.8155219208136041,0.00043990900551319336,0.1616952044440116,0.022342965736874502
0.61,0.8128354888329712,0.00046051539379521865,0.16369121899357575,0.023012776779661247
0.62,0.8101604487164601,0.00048169918276882935,0.16566786572796227,0.023689986372812243
0.63,0.8074967420281641,0.0005034650645446677,0.16762529671775472,0.024374496189539886
0.64,0.8048443106889777,0.0005258176148350609,0.16956366291599234,0.02506620878019834
0.65,0.8022030969736592,0.0005487612947011028,0.17148311416787335,0.025765027563769746
0.66,0.7995730435843945,0.0005723003946837726,0.1733837989687542,0.026470857052170883
0.67,0.7969540934437117,0.0005964391903051204,0.1752658651455524,0.027183602220434137
0.68,0.7943461900137884,0.0006211817011173291,0.1771294588061851,0.027903169478912603
0.6900000000000001,0.7917492769939197,0.0006465319180895594,0.17897472533501588,0.028629465752978145
0.7000000000000001,0.789163298428591,0.000672493721748893,0.1808018090373117,0.029362398812351795
0.71,0.7865881987046045,0.0006990708838786105,0.18261085314873307,0.0301018772627872
0.72,0.7840239225482294,0.0007262670692004326,0.1844019998447546,0.03084781053781886
0.73,0.7814704150223725,0.000754085837040715,0.18617539025001506,0.03160010889057514
0.74,0.778927621523769,0.0007825306429806085,0.18793116444759747,0.0323586833856562
0.75,0.7763954877801972,0.0008116048404901739,0.18966946148823935,0.03312344589107663
0.76,0.7738739598477113,0.0008413116825464588,0.19139041939947254,0.03389430907027301
0.77,0.7713629841078984,0.0008716543232355316,0.1930941751946932,0.034671186374176224
0.78,0.7688625072974479,0.0009026357954544947,0.19478086477564688,0.035453992131454025
0.79,0.7663724765392869,0.0009342589874563514,0.19645062282975445,0.0362426416435056
0.8,0.7638928392128783,0.0009665267383478465,0.1981035832579312,0.03703705079084597
0.81,0.761423543012868,0.0009994417942857273,0.1997398789811676,0.037837136211681964
0.8200000000000001,0.758964535950538,0.0010330068069730365,0.20135964193575587,0.03864281530673633
0.8300000000000001,0.7565157663514815,0.001067224334949267,0.2029630030809778,0.03945400623259469
0.84,0.7540771828533072,0.0011020968448584145,0.20455009240669547,0.040270627895142255
0.85,0.7516487344033733,0.0011376267126949262,0.20612103894084477,0.04109259994309027
0.86,0.7492303702565518,0.0011738162250275422,0.20767597075683178,0.04191984276159215
0.87,0.7468220399730207,0.001210667580201036,0.2092150149808322,0.04275227746594936
0.88,0.7444236934160868,0.0012481828895158497,0.21073829779899353,0.04358982589540707
0.89,0.7420352807500382,0.0012863641783856256,0.21224594446454007,0.04443241060703941
0.9,0.739656752438025,0.001325213387472633,0.21373807930478103,0.045279954869724595
0.91,0.7372880592399712,0.0013647323738010908,0.21521482572802128,0.04613238265820968
0.92,0.7349291522105147,0.0014049229118483872,0.21667630623037518,0.046989618647265044
0.93,0.7325799826969774,0.0014457866946141938,0.21812264240248302,0.04785158820592866
0.9400000000000001,0.7302405023501856,0.0014873253255400262,0.2195539548936489,0.048718217430628895
0.9500000000000001,0.7279106631636124,0.0015295402902634856,0.2209703632821281,0.049589433263999366
0.96,0.7255904173793208,0.0015724330232022255,0.22237198638678748,0.05046516321069283
0.97,0.7232797175204496,0.0016160048840450293,0.22375894215945125,0.05134533543605756
0.98,0.7209785163960823,0.001660257153903682,0.2251313476687601,0.052229878781257226
0.99,0.7186867670995885,0.0017051910361119056,0.22648931910566492,0.053118722758638146
1.0,0.7164044230069972,0.0017508076569983033,0.22783297178880524,0.0540117975472026
1.01,0.714131437775409,0.0017971080666333128,0.2291624201697726,0.0549090339881885
1.02,0.7118677653414396,0.0018440932395501696,0.23047777783825849,0.05581036358075522
1.03,0.7096133599197004,0.0018917640754398826,0.23177915752708733,0.05671571847777576
1.04,0.707368176001314,0.0019401213998202164,0.23306667111713414,0.057625031481735034
1.05,0.7051321683524633,0.0019891659646786874,0.234340429642127,0.058538236040734465
1.06,0.7029052920129767,0.002038898449089567,0.23560054329333424,0.05945526624460284
1.07,0.7006875022949485,0.002089319459804896,0.23684712142413666,0.060376056821113314
1.08,0.6984787547813929,0.0021404295318195104,0.23808027255448425,0.061300543132306755
1.09,0.6962790053249341,0.002192229128910075,0.23930010437523788,0.062228661170921254
1.1,0.6940882100288841,0.002244718657683488,0.24050672381032948,0.0631603475031064
1.11,0.6919063251061472,0.0022978985753298884,0.24170023747998928,0.06409553883853705
1.12,0.6897333071177117,0.00235176920624061,0.24288075091786282,0.06503417275818833
1.1300000000000001,0.6875691129156415,0.0024063307852693542,0.24404836875819458,0.06597618754089807
1.1400000000000001,0.6854136996075412,0.0024615834845255055,0.24520319485252248,0.0669215220554143
1.1500000000000001,0.683267024554929,0.0025175274141611206,0.24634533227505714,0.0678701157558561
1.16,0.6811290453716299,0.0025741626231433885,0.24747488332799492,0.06882190867723527
1.17,0.6789997199221876,0.0026314891000125675,0.24859194954676472,0.06977684143103867
1.18,0.6768790063202983,0.002689506773625384,0.2496966317052088,0.07073485520087092
1.19,0.674766862927264,0.002748215513883917,0.2507890298206974,0.07169589173815816
1.2,0.6726632483504642,0.0028076151324499445,0.2518692431591771,0.07265989335791223
1.21,0.67056812144185,0.0028677053834447724,0.25293737024015317,0.07362680293455556
1.22,0.6684814412964563,0.0029284859641345255,0.253993508841606,0.07459656389780675
1.23,0.6664031672509352,0.0029899565156009185,0.25503775600484063,0.07556912022862672
1.24,0.664333258882109,0.0030521166233974974,0.2560702080392712,0.07654441645522567
1.25,0.6622716760055432,0.0031149658181913527,0.25709096052713837,0.07752239764913058
1.26,0.6602183786717444,0.003178503578237817,0.25810010833601965,0.07850300941400175
1.27,0.6581733271094454,0.003242729372682109,0.2590977458049981,0.07948619771287793
1.28,0.6561364817990499,0.0033076426044362246,0.26008396650365695,0.08047190909286048
1.29,0.6541078034722057,0.003373242610052344,0.2610588632335114,0.08146009068423415
1.3,0.6520872530894208,0.003439528676538301,0.26202252810150234,0.08245069013254208
1.31,0.6500747918385565,0.003506500042067009,0.26297505252497566,0.08344365559440431
1.32,0.6480703811333334,0.003574155896675783,0.2639165272366149,0.08443893573337946
1.33,0.6460739826118521,0.00364249538295555,0.26484704228932615,0.0854364797158697
1.34,0.6440855581351292,0.0037115175967299407,0.2657666870610756,0.08643623720706879
1.35,0.642105069785646,0.0037812215877242794,0.2666755502596799,0.08743815836695334
1.36,0.6401324798659124,0.003851606360224456,0.26757371992754936,0.08844219384631734
1.37,0.6381677508970452,0.003922670873725689,0.2684612834463829,0.08944829478284967
1.3800000000000001,0.6362108456173604,0.003994414043571176,0.26933832754181697,0.09045641279725501
1.3900000000000001,0.6342617269809793,0.004066834741580636,0.27020493828802583,0.0914664999894178
1.4000000000000001,0.6323203581564499,0.004139931796668736,0.2710612011122754,0.09247850893460946
1.41,0.6303867025253822,0.004213703995453405,0.27190720079942926,0.09349239267973863
1.42,0.6284607236810144,0.004288150082920265,0.27274302149667773,0.09450810473939107
1.43,0.6265423854113834,0.004363268775445245,0.27356874676868387,0.09552559904449093
1.44,0.6246316517126647,0.004439058749605694,0.2743844595539369,0.09654482998379615
1.45,0.6227284867975565,0.004515518634969991,0.2751902421373328,0.09756575243014415
1.46,0.6208328550842512,0.004592647022468465,0.27598617618632215,0.09858832170696166
1.47,0.6189447211950924,0.004670442464991978,0.2767723427553402,0.09961249358457896
1.48,0.617064049955245,0.004748903477981872,0.2775488222901951,0.1006382242765815
1.49,0.6151908063913776,0.004828028540011241,0.27831569463241534,0.10166547043619928
1.5,0.6133249557303573,0.004907816093357574,0.27907303902355485,0.10269418915273378
1.51,0.6114664633979567,0.004988264544566729,0.2798209341094576,0.10372433794802244
1.52,0.6096152950175743,0.005069372265008261,0.2805594579444802,0.10475587477294075
1.53,0.6077714164089658,0.005151137591422103,0.2812886879956736,0.10578875800394193
1.54,0.6059347935869899,0.005233558826456585,0.2820087011469228,0.10682294643963419
1.55,0.6041053927603645,0.005316634239197803,0.2827195737030457,0.10785839929739559
1.56,0.6022831803304365,0.005400362065690348,0.28342138139385015,0.10889507621002648
1.57,0.6004681228899648,0.005484740509449363,0.28411419937814986,0.1099329372224395
1.58,0.5986601872219135,0.005569767741963965,0.28479810224773877,0.11097194278838726
1.59,0.5968593402871121,0.005655441912514362,0.28547316406751083,0.11201205373286618
1.6,0.5950655492258864,0.005741761146306421,0.2861394583702237,0.11305323125758697
1.61,0.5932787813770837,0.005828723528062876,0.28679705809480094,0.11409543700005587
1.62,0.591499004264208,0.0059163271131204235,0.2874460356313972,0.1151386329912779
1.6300000000000001,0.5897261855941309,0.0060045699280111995,0.2880864628256361,0.11618278165222523
1.6400000000000001,0.5879602932558979,0.006093449970967912,0.28871841098254497,0.11722784579059264
1.6500000000000001,0.5862012953195437,0.0061829652124218235,0.28934195087045295,0.11827378859758504
1.6600000000000001,0.5844491600349186,0.006273113595493588,0.2899571527248542,0.11932057364473697
1.67,0.5827038558305268,0.006363893036476921,0.2905640862522354,0.12036816488076434
1.68,0.5809653513123727,0.0064553014253151434,0.2911628206338675,0.12141652662844807
1.69,0.5792336152628211,0.006547336626070542,0.29175342452956204,0.12246562358154976
1.7,0.5775086166394654,0.0066399964773866,0.29233596608139184,0.12351542080175963
1.71,0.5757903245740079,0.006733278792943077,0.29291051291737613,0.12456588371567626
1.72,0.5740787083711509,0.00682718136190392,0.29347713215513005,0.12561697811181854
1.73,0.572373737507497,0.006921701949358039,0.2940358904054787,0.12666867013766966
1.74,0.5706753816304619,0.007016838296752923,0.2945868537760354,0.12772092629675316
1.75,0.5689836105532735,0.007112588125321472,0.29513008788774137,0.12877371343366717
1.76,0.5672983942504283,0.00720894913915953,0.29566565788988786,0.1298269987205279
1.77,0.565619702871064,0.007305919014604959,0.2961936284157949,0.1308807496985396
1.78,0.5639475067307812,0.007403495406097317,0.29671406360987584,0.1319349342532491
1.79,0.5622817763101909,0.007501675946894693,0.29722702713241955,0.1329895206104983
1.8,0.5606224822538575,0.0076004582494902245,0.29773258216306697,0.1340444773335888
1.81,0.5589695953692503,0.007699839906022194,0.2982307914042555,0.13509977332047549
1.82,0.5573230866257054,0.007799818488677693,0.29872171708463097,0.13615537780098944
1.83,0.5556829271533972,0.007900391550089866,0.2992054209624268,0.1372112603340896
1.84,0.5540490882423195,0.008001556623728723,0.29968196432881117,0.13826739080514408
1.85,0.5524215413412763,0.008103311224285531,0.30015140801120144,0.1393237394232402
1.86,0.5508002580568826,0.008205652848050771,0.3006138123765463,0.14038027671852385
1.87,0.5491852101525744,0.00830857897328568,0.30106923733457536,0.14143697353956802
1.8800000000000001,0.5475763695476291,0.008412087060587353,0.30151774234101664,0.14249380105077036
1.8900000000000001,0.5459737083161953,0.008516174553247434,0.30195938640078085,0.1435507307297799
1.9000000000000001,0.5443771986863318,0.00862083887760437,0.3023942280711143,0.14460773436495294
1.9100000000000001,0.5427868130346775,0.008726077446887835,0.3028223254790816,0.14566478403935662
1.92,0.5412025238734701,0.00883188767117449,0.30324373636413215,0.14672185209122673
1.93,0.5396243038795194,0.008938266933835577,0.3036585179830963,0.14777891120355222
1.94,0.5380521258812593,0.009045212601469097,0.30406672715264255,0.14883593436463263
1.95,0.5364859628558288,0.009152722025822747,0.3044684202588484,0.14989289485950355
1.96,0.5349257879281432,0.009260792544129922,0.30486365326024917,0.15094976626748124
1.97,0.5333715743699717,0.009369421479439796,0.3052524816908573,0.15200652245973473
1.98,0.5318232955990267,0.009478606140941459,0.3056349606631504,0.15306313759688495
1.99,0.5302809251780604,0.009588343824282131,0.30601114487102976,0.15411958612663124
2.0,0.5287444368139712,0.00969863181187944,0.30638108859274793,0.15517584278140498
2.0100000000000002,0.5272138043569193,0.009809467373227774,0.30674484569380583,0.15623188257605058
2.02,0.5256890017994517,0.009920847765198675,0.30710246962981963,0.15728768080553351
2.0300000000000002,0.5241700032756347,0.010032770232335354,0.3074540134493575,0.15834321304267593
2.04,0.522656783060198,0.010145232007141201,0.30779952979674535,0.159398455135919
2.05,0.5211493155676856,0.010258230310362442,0.30813907091484244,0.16045338320711303
2.06,0.5196475753516174,0.0103717623512648,0.3084726886477869,0.1615079736493344
2.07,0.5181515371036591,0.010485825327904243,0.3088004344437103,0.16256220312472983
2.08,0.5166611756528012,0.010600416427391828,0.3091223593574222,0.16361604856238823
2.09,0.5151764659645478,0.010715532826152566,0.30943851405306405,0.16466948715623914
2.1,0.5136973831401133,0.010831171690178401,0.3097489488067328,0.16572249636297903
2.11,0.5122239024156297,0.010947330175275202,0.31005371350907435,0.1667750539000243
2.12,0.5107559991522214,0.011064005434534322,0.31035285769787624,0.16782713771537158
2.13,0.509293648804956,0.011181194642516244,0.3106464306600675,0.16887872589246383
2.14,0.5078368269922698,0.011298894939954285,0.3109344812036026,0.1699297968641767
2.15,0.506385509468573,0.011417103455050434,0.3112170577474555,0.1709803293289246
2.16,0.5049396721180827,0.01153581730797818,0.3114942083418592,0.17203030223208346
2.17,0.5034992909540207,0.011655033611145449,0.3117659806709308,0.17307969476390658
2.18,0.502064342117816,0.011774749469452853,0.3120324220552707,0.17412848635746392
2.19,0.5006348018783168,0.011894961980547056,0.31229357945453623,0.17517665668660348
2.2,0.49921064663100856,0.012015668235069433,0.3125494994699893,0.1762241856639362
2.21,0.49779185289724187,0.01213686531689986,0.3128002283470189,0.17727105343884283
2.22,0.4963783973234655,0.012258550303395802,0.3130458119776377,0.1783172403955045
2.23,0.4949702566804694,0.012380720265626512,0.31328629590295237,0.1793627271509552
2.24,0.49356740786263353,0.012503372268602542,0.3135217253156097,0.18040749455315774
2.25,0.4921698278871857,0.012626503371500371,0.3137521450622154,0.18145152367910203
2.2600000000000002,0.49077749389346614,0.012750110627882335,0.31397759964572847,0.18249479583292655
2.27,0.48939038314220035,0.012874191085911663,0.31419813322782936,0.18353729254406215
2.2800000000000002,0.4880084730147792,0.012998741788562843,0.3144137896312623,0.18457899556539917
2.29,0.48663174101254697,0.013123759773827072,0.3146246123421527,0.18561988687147674
2.3000000000000003,0.4852601647560969,0.013249242074913044,0.314830644512298,0.18665994865669558
2.31,0.4838937219845745,0.013375185720442823,0.31503192896143334,0.18769916333355288
2.32,0.4825323905549882,0.013501587734643038,0.3152285081794717,0.18873751353090057
2.33,0.4811761484355963,0.013628445142064472,0.31542042434834067,0.18977498207400206
2.34,0.4798249736817001,0.013755754985747376,0.31560771942201554,0.19081155191054053
2.35,0.478478844486299,0.013883514288178578,0.3157904349589159,0.19184720626661
2.36,0.47713773916117574,0.01401172006541538,0.3159686121844354,0.19288192858897696
2.37,0.47580163613171217,0.014140369330716619,0.31614229200804683,0.19391570252952792
2.38,0.47447051393619916,0.01426945909474143,0.31631151502554544,0.19494851194351745
2.39,0.47314435122515214,0.01439898636574409,0.3164763215212706,0.19598034088783664
2.4,0.4718231267606338,0.014528948149764801,0.3166367514703045,0.19701117361930037
2.41,0.4705068194155829,0.01465934145081658,0.3167928445406494,0.1980409945929546
2.42,0.46919540817315036,0.014790163271068073,0.31694464009538215,0.19906978846040288
2.43,0.4678888721260411,0.014921410611022484,0.3170921771947871,0.20009754006815283
2.44,0.4665871904758634,0.015053080469692419,0.31723549459846623,0.2011242344559815
2.45,0.4652903425324841,0.015185169844770845,0.31737463076742756,0.20214985685532105
2.46,0.4639983077133909,0.015317675732797985,0.3175096238661512,0.20317439268766338
2.47,0.462711065543061,0.015450595129324297,0.31764051176463354,0.20419782756298466
2.48,0.46142859565233657,0.015583925029069402,0.31776733204040847,0.2052201472781891
2.49,0.46015087777780633,0.01571766242607711,0.3178901219805474,0.2062413378155727
2.5,0.4588778917611947,0.015851804313866378,0.3180089185836365,0.2072613853413059
2.5100000000000002,0.45760961754875634,0.015986347685578363,0.31812375856173214,0.2082802762039367
2.52,0.4563460351906783,0.016121289534119426,0.31823467834229363,0.20929799693291215
2.5300000000000002,0.4550871248404882,0.016256626852300213,0.3183417140700944,0.2103145342371207
2.54,0.4538328667496062,0.016392356636643665,0.3184449016252258,0.21132987498852784
2.5500000000000003,0.45258324124373583,0.01652847590491006,0.31854427670127966,0.21234400615007795
2.56,0.4513382287698063,0.0166649816603389,0.31863987464974625,0.21335691492011205
2.57,0.45009780987970394,0.016801870903631985,0.3187317305338719,0.21436858868279568
2.58,0.44886196522493,0.01693914063668538,0.3188198791463105,0.21537901499207765
2.59,0.4476306755560047,0.017076787862737964,0.31890435501104786,0.216388181570213
2.6,0.44640392172187615,0.017214809586516812,0.3189851923853076,0.21739607630630295
2.61,0.44518168466933583,0.01735320281437926,0.3190624252614376,0.21840268725485085
2.62,0.44396394544243867,0.017491964554451785,0.3191360873687778,0.21940800263433521
2.63,0.4427506851819299,0.01763109181676559,0.31920621217550943,0.22041201082579862
2.64,0.44154188512467624,0.01777058161338902,0.31927283289048436,0.2214147003714539
2.65,0.44033752660310416,0.017910430958556645,0.3193359824650366,0.22241605997330607
2.66,0.43913759104464223,0.01805063686879521,0.3193956935947744,0.22341607849179168
2.67,0.4379420599711705,0.018191196363046228,0.31945199872135305,0.2244147449444337
2.68,0.43675091499847435,0.018332106462785443,0.31950493003422986,0.22541204850451388
2.69,0.4355641378357049,0.018473364192138953,0.31955451947239877,0.22640797849976088
2.7,0.43438171028484424,0.01861496657799619,0.31960079872610747,0.2274025244110556
2.71,0.43320361424017706,0.018756910650119554,0.3196437992385545,0.22839567587115236
2.72,0.43202983168776715,0.01889919344125091,0.31968355220756817,0.22938742266341727
2.73,0.4308603447049401,0.01904181198721475,0.3197200885872661,0.23037775472058256
2.74,0.42969513545977134,0.019184763327018205,0.319753439089696,0.23136666212351797
2.75,0.4285341862069614,0.019328044505632268,0.31978363419847966,0.23235413508893013
2.7600000000000002,0.4273774792668988,0.019471652589247122,0.3198107042383124,0.23334016390554513
2.77,0.42622499706522105,0.019615584635644882,0.31983467924346803,0.23432473905566953
2.7800000000000002,0.4250767221201719,0.019759837703302974,0.31985558899974037,0.2353078511767882
2.79,0.42393263703753364,0.019904408854878933,0.3198734630612203,0.23628949104637056
2.8000000000000003,0.42279272451011096,0.020049295157318937,0.31988833075194795,0.2372696495806256
2.81,0.4216569673172203,0.020194493681963542,0.319900221167549,0.23824831783327058
2.82,0.4205253483241832,0.020340001504650956,0.3199091631768549,0.23922548699431437
2.83,0.41939785048182526,0.020485815705817586,0.31991518542350655,0.24020114838885404
2.84,0.4182744568259794,0.020631933370596,0.31991831632754225,0.24117529347588576
2.85,0.41715515047699386,0.02077835158891029,0.3199185840869695,0.2421479138471298
2.86,0.4160399146392454,0.02092506745556876,0.31991601667932024,0.24311900122586907
2.87,0.41492873260065666,0.021072078070354074,0.3199106418631905,0.2440885474658022
2.88,0.4138215877322191,0.021219380538110687,0.31990248717976366,0.24505654454991
2.89,0.4127184634875199,0.021366971968829737,0.3198915799543174,0.24602298458933644
2.9,0.4116193434022744,0.02151484947773126,0.3198779472977147,0.24698785982228308
2.91,0.41052421109386267,0.021663010185343834,0.3198616161078789,0.24795116261291802
2.92,0.4094330502608715,0.02181145121758154,0.31984261307125217,0.24891288545029822
2.93,0.40834584468264046,0.021960169705818388,0.31982096466423826,0.24987302094730635
2.94,0.4072625782188135,0.02210916278696001,0.3197966971546287,0.2508315618396012
2.95,0.40618323480889473,0.02225842760351286,0.31976983660301345,0.25178850098458244
2.96,0.4051077984692771,0.022407961305453614,0.3197404088726464,0.25274383135262646
2.97,0.4040362532757287,0.02255776106245254,0.31970843968795853,0.2536975459738638
2.98,0.40296858339486485,0.0227078240412224,0.3196739545291989,0.25464963803471735
2.99,0.40190477307498196,0.022858147411800506,0.3196369786630222,0.2556001008501988
3.0,0.40084480664149463,0.023008728350554303,0.31959753715767864,0.25654892785027594
3.0100000000000002,0.3997886684964896,0.02315956404025647,0.31955565488442855,0.25749611257882893
3.02,0.3987363431182848,0.023310651670157768,0.3195113565189441,0.2584416486926169
3.0300000000000002,0.3976878150609915,0.02346198843605788,0.3194646665426964,0.2593855299602577
3.04,0.39664306895408136,0.023613571540373992,0.3194156092443292,0.26032775026121896
3.0500000000000003,0.39560208950195674,0.023765398192207316,0.31936420872101845,0.261268303584821
3.06,0.3945648614835262,0.023917465607407415,0.31931048887981806,0.26220718402925186
3.0700000000000003,0.3935313697517831,0.02406977100863446,0.3192544734389917,0.2631443858005942
3.08,0.3925015992333891,0.024222311625419247,0.3191961859293312,0.264079903211864
3.09,0.391475534928261,0.024375084694221175,0.31913564969546,0.26501373068206135
3.1,0.39045316190916235,0.02452808745848404,0.3190728878971241,0.265945862735233
3.11,0.3894344653212991,0.024681317168689633,0.31900792351046797,0.26687629399954677
3.12,0.3884194303819189,0.02483477108240934,0.31894077932929726,0.26780501920637806
3.13,0.38740804237991494,0.024988446464353435,0.31887147796632725,0.2687320331894079
3.14,0.3864002866754337,0.02514234058641839,0.31880004185441785,0.2696573308837336
3.15,0.3853961486994871,0.025296450727731894,0.3187264932477942,0.2705809073249904
3.16,0.38439561395356814,0.025450774174695878,0.3186508542232537,0.27150275764848586
3.17,0.3833986680164014,0.02560530821600542,0.3185731466574922,0.2724228771101045
3.18,0.382405296488943,0.025760050181161204,0.318493392411135,0.2733412609187643
3.19,0.38141548508509326,0.025914997376352073,0.3184116130250015,0.2742579045135567
3.2,0.38042921957873016,0.02607014712153678,0.31832782989732916,0.2751728034024074
3.21,0.37944648581185564,0.0262254967444827,0.3182420642564265,0.2760859531872387
3.22,0.3784672696942042,0.026381043580818494,0.31815433716190317,0.2769973495630777
3.23,0.37749155720285577,0.02653678497408454,0.31806466950588735,0.2779069883171758
3.24,0.3765193343818527,0.026692718275781444,0.3179730820142289,0.2788148653281404
3.25,0.37555058734182034,0.026848840845416437,0.31787959524768955,0.2797209765650772
3.2600000000000002,0.37458530225959175,0.02700515005054783,0.3177842296031197,0.2806253180867443
3.27,0.3736234653778366,0.02716164326682738,0.31768700531462213,0.2815278860407174
3.2800000000000002,0.37266506300469326,0.02731831787804082,0.3175879424547028,0.28242867666256666
3.29,0.37171008151340557,0.027475171276146314,0.31748706093540807,0.28332768627504357
3.3000000000000003,0.37075850734196236,0.027632200861311067,0.31738438050944984,0.2842249112872802
3.31,0.36981032699274213,0.027789404041945968,0.31727992077131745,0.2851203481939979
3.3200000000000003,0.3688655270321601,0.027946778234738408,0.31717370115837684,0.2860139935747282
3.33,0.36792409409031995,0.028104320864683143,0.3170657409519572,0.2869058440930432
3.34,0.36698601486066884,0.028262029365111414,0.3169560592784255,0.28779589649579773
3.35,0.36605127609965615,0.02841990117771815,0.316844675110248,0.2886841476123812
3.36,0.36511986462639606,0.02857793375258738,0.3167316072670398,0.28957059435398025
3.37,0.3641917673223333,0.028736124548215926,0.31661687441660236,0.2904552337128519
3.38,0.363266971129357,0.02889447103258918,0.31650049508118533,0.291338062756872
3.39,0.3623454630344753,0.029052970693359666,0.3163824876889737,0.2922190785831949
3.4,0.3614272300955403,0.02921162102022295,0.3162628704874293,0.293098278396811
3.41,0.3605122594353506,0.029370419508711963,0.3161416615630495,0.29397565949289145
3.42,0.3596005382369893,0.029529363663155606,0.3160188788569714,0.29485121924288726
3.43,0.3586920537434863,0.029688450996708443,0.3158945401660186,0.2957249550937902
3.44,0.3577867932574848,0.029847679031379155,0.31576866314373975,0.2965968645673998
3.45,0.356884744140909,0.030007045298058074,0.31564126530143777,0.29746694525959866
3.46,0.35598589381463497,0.030166547336543482,0.31551236400919086,0.2983351948396342
3.47,0.3550902297581641,0.030326182695567024,0.31538197649686456,0.2992016110494078
3.48,0.3541977395092989,0.030485948932818006,0.31525011985511614,0.3000661917027705
3.49,0.35330841066382085,0.030645843614966816,0.31511681103638994,0.30092893468482595
3.5,0.3524222308751713,0.030805864317687292,0.3149820668559054,0.3017898379512395
3.5100000000000002,0.35153918785413446,0.03096600862567829,0.3148459039926365,0.3026488995275542
3.52,0.3506592693685224,0.031126274132684227,0.31470833899028394,0.303506117508513
3.5300000000000002,0.3497824632428625,0.0312866584415149,0.31456938825823894,0.3043614900573872
3.54,0.3489087573580876,0.031447159164064355,0.3144290680725404,0.3052150154053112
3.5500000000000003,0.3480381396512274,0.03160777392132899,0.31428739457682386,0.3060666918506233
3.56,0.34717059811510287,0.03176850034342492,0.3141443837832636,0.3069165177582121
3.5700000000000003,0.3463061207980223,0.03192933606960453,0.31400005157350735,0.3077644915588693
3.58,0.34544469580347964,0.032090278748272305,0.31385441369960426,0.30861061174864735
3.59,0.3445863112898544,0.03225132603700003,0.31370748578492574,0.3094548768882234
3.6,0.34373095547011423,0.03241247560254126,0.3135592833250799,0.31029728560226816
3.61,0.34287861661151925,0.032573725120845165,0.3134098216888187,0.3111378365788204
3.62,0.3420292830353276,0.03273507227706977,0.31325911611893964,0.31197652856866653
3.63,0.3411829431165039,0.032896514765594596,0.31310718173318025,0.3128133603847248
3.64,0.340339585281681,0.03305805029116287,0.3129540335310182,0.3136483308961414
3.65,0.339499197996989,0.0332196765765771,0.3127996864347505,0.31448143899168685
3.66,0.3386617697902566,0.03338139134816825,0.31264415521429867,0.31531268364727993
3.67,0.33782728924447525,0.033543192339848385,0.312487454509225,0.31614206390645483
3.68,0.33699574499455204,0.03370507729503759,0.31232959883962347,0.3169695788707904
3.69,0.3361671257270078,0.03386704396668653,0.31217060260704727,0.3177952276992619
3.7,0.3353414201796763,0.03402909011729921,0.3120104800954328,0.3186190096075952
3.71,0.3345186171414046,0.03419121351895569,0.3118492454720205,0.31944092386762274
3.72,0.3336987054517538,0.034353411953334995,0.311686912788273,0.3202609698066417
3.73,0.33288167400070107,0.03451568321173804,0.3115234959807907,0.3210791468067737
3.74,0.3320675117283418,0.03467802509511087,0.31135900887222445,0.32189545430432637
3.75,0.3312562076245931,0.03484043541406796,0.3111934651721862,0.3227098917891562
3.7600000000000002,0.3304477507288973,0.035002911988915884,0.3110268784781574,0.3235224588040329
3.77,0.3296421301299267,0.035165452649677104,0.3108592622763951,0.32433315494400455
3.7800000000000002,0.32883933496528817,0.035328055236114264,0.31069062994283664,0.32514197985576443
3.79,0.3280393544212288,0.0354907175977546,0.3105209947440023,0.3259489332370178
3.8000000000000003,0.32724217773234154,0.03565343759391494,0.31035036983789654,0.3267540148358505
3.81,0.32644779418127173,0.035816213093726915,0.3101787682749078,0.327557224450097
3.8200000000000003,0.3256561930984234,0.03597904197616277,0.3100062029987075,0.3283585619267098
3.83,0.3248673638616664,0.036141922130061545,0.30983268684714727,0.32915802716112824
3.84,0.32408129589604323,0.03630485145415584,0.309658232553156,0.32995562009664836
3.85,0.3232979786734765,0.03646782785709909,0.309482852745636,0.3307513407237919
3.86,0.32251740171247634,0.036630849257493374,0.3093065599503584,0.33154518907967534
3.87,0.3217395545778479,0.03679391358391798,0.3091293665908586,0.33233716524737905
3.88,0.320964426880399,0.03695701877495841,0.30895128498933105,0.33312726935531506
3.89,0.32019200827664734,0.037120162779236285,0.3087723273675246,0.3339155015765953
3.9,0.3194222884731545,0.037283343552084666,0.3085925058322022,0.33470186214256215
3.91,0.31865525724871335,0.0374465590392746,0.30841183230102626,0.33548635141098926
3.92,0.3178909044073285,0.03760980721093749,0.30823031865936745,0.3362689697223701
3.93,0.31712921979342057,0.03777308605035787,0.3080479767094909,0.3370497174467342
3.94,0.31637019329638405,0.03793639355048902,0.30786481815526884,0.3378285949978616
3.95,0.3156138148503337,0.03809972771395817,0.3076808546029434,0.3386056028327682
3.96,0.3148600744338533,0.03826308655307149,0.3074960975618862,0.33938074145119257
3.97,0.31410896206974387,0.03842646808981929,0.30731055844535443,0.3401540113950859
3.98,0.3133604678247744,0.03858987035588096,0.30712424857124465,0.3409254132481035
3.99,0.31261458180943175,0.03875329139263023,0.30693717916284274,0.34169494763509883
4.0,0.31187129417767273,0.03891672925114016,0.30674936134957165,0.34246261522161897
4.01,0.3111305951266764,0.03908018199218849,0.3065608061677361,0.3432284167134025
4.0200000000000005,0.31039247489659705,0.03924364768626287,0.3063715245612649,0.3439923528558787
4.03,0.30965692377031845,0.03940712441356623,0.3061815273824502,0.34475442443366866
4.04,0.30892393207320806,0.0395706102640224,0.30599082539268496,0.3455146322700881
4.05,0.30819349017287273,0.039734103337281716,0.3057994292631977,0.34627297722665135
4.0600000000000005,0.30746558847891425,0.039897601742726885,0.3056073495757851,0.34702946020257724
4.07,0.3067402174426866,0.04006110359947897,0.30541459682354244,0.3477840821342955
4.08,0.3060173675570523,0.04022460703640365,0.30522118141159216,0.34853684399495544
4.09,0.30529702935614084,0.040388110192117715,0.3050271136578101,0.3492877467939349
4.1,0.3045791934151067,0.04055161121499567,0.3048324037935507,0.3500367915763505
4.11,0.30386385034988805,0.04071510826317679,0.30463706196436935,0.3507839794225693
4.12,0.30315099081696645,0.04087859950457229,0.3044410982307445,0.35152931144772026
4.13,0.30244060551312596,0.04104208311687296,0.30424452256879675,0.3522727888012078
4.14,0.3017326851752137,0.04120555728755702,0.3040473448710079,0.35301441266622496
4.15,0.3010272205799001,0.04136902021389833,0.30384957494693765,0.3537541842592674
4.16,0.30032420254739084,0.04153247010015183,0.30365122251072796,0.35449210484173294
4.17,0.29962362195487524,0.04169590514778103,0.30345229713604155,0.3552281757613058
4.18,0.298925469704561,0.041859323578139984,0.3032528083628801,0.35596239835442245
4.19,0.2982297367354475,0.04202272362389958,0.3030527656581275,0.35669477398252897
4.2,0.2975364140256576,0.04218610352722112,0.30285217840766704,0.35742530403945777
4.21,0.29684549259222753,0.04234946153974745,0.3026510559170004,0.35815398995102815
4.22,0.2961569634908973,0.042512795922593945,0.30244940741186416,0.3588808331746481
4.23,0.2954708178159029,0.042676104946339194,0.3022472420388417,0.3596058351989198
4.24,0.2947870466997688,0.04283938689101571,0.30204456886597236,0.3603289975432467
4.25,0.29410564131310174,0.04300264004610054,0.3018413968833571,0.36105032175744417
4.26,0.29342659286438577,0.04316586271050565,0.30163773500376057,0.36176980942135156
4.2700000000000005,0.2927498925997777,0.04332905319256827,0.3014335920632099,0.3624874621444477
4.28,0.29207553180290413,0.043492209810041184,0.30122897682159083,0.36320328156546744
4.29,0.291403501794659,0.04365533089008291,0.30102389796323975,0.3639172693520219
4.3,0.2907337939330021,0.04381841476924783,0.30081836409753354,0.36462942720022007
4.3100000000000005,0.29006639961275854,0.043981459793476306,0.3006123837594758,0.36533975683429293
4.32,0.28940131026541943,0.04414446431808459,0.3004059654102804,0.3660482600062191
4.33,0.2887385173589429,0.044307426707754984,0.30019911743795186,0.3667549384953538
4.34,0.2880780123975561,0.04447034533652573,0.29999184815786295,0.36745979410805873
4.3500000000000005,0.2874197869215584,0.04463321858778102,0.2997841658133297,0.36816282867733446
4.36,0.28676383250712506,0.044796044854240935,0.29957607857618324,0.3688640440624543
4.37,0.28611014076611174,0.044958822537951484,0.2993675945473395,0.36956344214860076
4.38,0.2854587033458599,0.0451215500502746,0.2991587217573658,0.3702610248465033
4.39,0.2848095119290028,0.04528422581187818,0.2989494681670448,0.3709567940920777
4.4,0.2841625582332726,0.04544684825272621,0.2987398416679367,0.371650751846068
4.41,0.28351783401130776,0.04560941581206885,0.29852985008293814,0.3723429000936888
4.42,0.2828753310522754,0.045771926937156225,0.2983195011607336,0.37303324084983835
4.43,0.2822350411860723,0.04593438008013777,0.29810880256156636,0.3737217761722272
4.44,0.2815969562714767,0.04609677370625661,0.29789776189703,0.3744085081252403
4.45,0.28096106820087,0.04625910629038402,0.2976863867140882,0.37509343879466134
4.46,0.28032736890077214,0.046421376316500104,0.29747468449318365,0.3757765702895477
4.47,0.2796958503316634,0.04658358227767721,0.29726266264874907,0.3764579047419139
4.48,0.27906650448780734,0.04674572267606342,0.2970503285297156,0.37713744430641727
4.49,0.27843932339707467,0.04690779602286572,0.2968376894200174,0.3778151911600458
4.5,0.2778142991207676,0.0470698008383334,0.296624752539094,0.37849114750180857
4.51,0.2771914237534457,0.04723173565174108,0.2964115250423888,0.379165315552428
4.5200000000000005,0.2765706894227519,0.047393599001371856,0.2961980140218453,0.3798376975540345
4.53,0.27595208828924056,0.04755538943450021,0.29598422650639983,0.38050829576986295
4.54,0.2753356125462049,0.04771710550737509,0.2957701694624717,0.38117711248395186
4.55,0.27472125441950646,0.047878745785202716,0.29555584979445043,0.381844150000844
4.5600000000000005,0.2741090061674048,0.04804030884212951,0.29534127434518,0.38250941064528926
4.57,0.27349886008038854,0.04820179326122484,0.2951264498964406,0.3831728967619496
4.58,0.27289080848100644,0.0483631976344639,0.29491138316942755,0.3838346107151057
4.59,0.2722848437237,0.04852452056271047,0.29469608082522725,0.38449455488836587
4.6000000000000005,0.2716809581946366,0.04868576065569966,0.2944805494652908,0.38515273168437647
4.61,0.2710791443115435,0.04884691653202067,0.2942647956319053,0.3858091435245341
4.62,0.2704793945235422,0.04900798681909958,0.29404882580866154,0.3864637928487003
4.63,0.269881701310984,0.04916897015318214,0.29383264642092055,0.3871166821149169
