t,M,AM,Mp,AMp
0.0,1.0,0.0,0.0,0.0
0.01,0.9945287474935192,1.9500714738444414e-08,0.005460313185970308,1.091981979585466e-05
0.02,0.9891145539174605,1.4421060925395734e-07,0.01084189622589236,4.3405646037961756e-05
0.03,0.9837566903462647,4.84001540318617e-07,0.0161458246330153,9.700101917979611e-05
0.04,0.9784544648050012,1.14159055412198e-06,0.02137311910123532,0.00017127450320939382
0.05,0.9732071977716711,2.216360992779782e-06,0.026524781674054407,0.0002658041932818271
0.06,0.9680142115307596,3.8064455378412236e-06,0.03160181154306801,0.0003801704806346336
0.07,0.9628748397501912,6.006541939335595e-06,0.03660519077452405,0.0005139629333455992
0.08,0.9577884231899964,8.90922434931105e-06,0.041535890767180186,0.0006667768184742456
0.09,0.9527543118112114,1.2604289321909815e-05,0.046394869077578546,0.0008382148218882733
0.1,0.9477718627523984,1.7179453159183652e-05,0.051183072474431,0.0010278853200114757
0.11,0.9428404431845153,2.2719432396781138e-05,0.05590143263687189,0.0012354047462161926
0.12,0.9379594283143506,2.9306590721465565e-05,0.06055086916336209,0.001460395931565923
0.13,0.9331281992415256,3.702163226011878e-05,0.06513229280114784,0.0017024863250665757
0.14,0.9283461462922966,4.594252955310571e-05,0.06964660042305656,0.001961310755093825
0.15,0.923612667262423,5.614515345861681e-05,0.0740946776827823,0.0022365099013362606
0.16,0.9189271679597628,6.770304069352086e-05,0.07847739819042057,0.0025277308091232013
0.17,0.9142890614412188,8.068771881399771e-05,0.08279562467170691,0.0028346261682604883
0.18,0.909697768540389,9.516848162149135e-05,0.08705020816641827,0.00315685481157148
0.19,0.905152717356057,0.00011121260503179156,0.09124198880525702,0.003494081233654387
0.2,0.9006533423759528,0.0001288857120928697,0.09537179714018909,0.0038459747717653103
0.21,0.8961990861798299,0.00014825106196916178,0.09944045155860814,0.004212211199592961
0.22,0.8917893987844393,0.0001693698245216927,0.10344875927799692,0.004592472113042198
0.23,0.8874237373903853,0.00019230118691814397,0.10739751673038253,0.004986444692314201
0.24,0.8831015662677837,0.00021710240222774302,0.111287509736033,0.005393821593955742
0.25,0.8788223566419217,0.00024382883801615319,0.11511951367715384,0.005814300842908464
0.26,0.8745855865789174,0.00027253402494036266,0.1188942936715843,0.006247585724558149
0.27,0.8703907404667749,0.0003032698564930217,0.12261260535896379,0.006693384317768414
0.28,0.8662373083086896,0.0003360868588858273,0.12627519597110703,0.007151408861317629
0.29,0.8621247871599835,0.0003710336601275994,0.1298828021574517,0.007621377022437268
0.3,0.8580526803538023,0.0004081572851640245,0.1334361511577747,0.00810301120325903
0.31,0.854020497330031,0.0004475032256706835,0.1369359610617849,0.008596038382513516
0.32,0.8500277535097248,0.0004891154928424544,0.14038294099981627,0.00910018999761656
0.33,0.8460739701695408,0.0005330366701829142,0.14377779133352092,0.009615201826755538
0.34,0.8421586743161689,0.0005793079662937416,0.14712120384656188,0.010140813870975688
0.35000000000000003,0.8382814001883766,0.0006279685283733878,0.15041385945781555,0.010676771825434564
0.36,0.834441689599293,0.0006790552824997861,0.15365642769991789,0.011222827418289512
0.37,0.8306390888607621,0.0007326043263967238,0.15684957140045144,0.01177873541238983
0.38,0.8268731501734498,0.00078865029377723,0.15999394456553698,0.01234425496723619
0.39,0.8231434315750527,0.0008472263736213344,0.16309019245822312,0.012919149593103058
0.4,0.8194494968769872,0.0009083643346873337,0.16613895169441437,0.01350318709391129
0.41000000000000003,0.8157909148543034,0.0009720948773887403,0.16914085147426333,0.014096138794044623
0.42,0.8121672592746957,0.0010384476178340225,0.17209651353772373,0.014697779569746732
0.43,0.8085781097670915,0.0011074507038170986,0.17500655084352887,0.015307888685562673
0.44,0.8050230512189875,0.001179131075766502,0.17787156848520186,0.015926249220044222
0.45,0.8015016736889814,0.001253514501846041,0.18069216382371275,0.016552647985459995
0.46,0.7980135723212921,0.0013306256121197284,0.18346892661710504,0.017186875449483222
0.47000000000000003,0.7945583479032161,0.0014104876294564561,0.1862024381702842,0.01782872629704335
0.48,0.7911356064931201,0.0014931225388446563,0.18889327190131433,0.018477999066721026
0.49,0.7877449588137793,0.0015785513673896203,0.1915419942653325,0.019134495553498797
0.5,0.7843860205192161,0.0016667940522964789,0.19414916434723875,0.019798021081248795
0.51,0.7810584121253042,0.0017578694674493843,0.19671533396681293,0.020468384440433574
0.52,0.7777617589421801,0.0018517954489870691,0.19924104778105858,0.021145397827774318
0.53,0.7744956911459125,0.001948588743624329,0.2017268431731059,0.021828876937357328
0.54,0.7712598436145462,0.0020482650876890293,0.20417325050226118,0.02251864079550371
0.55,0.7680538557888167,0.002150839272472608,0.20658079331624246,0.02321451162246829
0.56,0.7648773716635332,0.0022563251370914016,0.20894998836313927,0.023916314836236272
0.5700000000000001,0.7617300397217368,0.002364735593093281,0.2112813456910793,0.02462387899409079
0.58,0.7586115128744229,0.0024760826464083102,0.2135753687394134,0.025337035739755553
0.59,0.7555214485878349,0.0025903773297427614,0.21583255414389863,0.026055619938523886
0.6,0.752459508653602,0.0027076298054980394,0.21805339208645755,0.026779469454442612
0.61,0.7494253590720482,0.0028278494146554774,0.22023836647237854,0.02750842504091794
0.62,0.7464186700529937,0.002951044669564709,0.22238795492836988,0.028242330349071962
0.63,0.7434391159544596,0.0030772232763796054,0.22450262889529432,0.028981031873866706
0.64,0.7404863752684251,0.003206392134131463,0.22658285364907177,0.02972437894837191
0.65,0.7375601306020105,0.0033385573360729397,0.22862908832856318,0.030472223733353516
0.66,0.7346600687123914,0.0034737241443427583,0.23064178588142584,0.031224421261840198
0.67,0.7317858801664592,0.0036118971509580843,0.2326213935828599,0.03198082909972306
0.68,0.7289372594319777,0.0037530802245525547,0.23456835289559902,0.03274130744787092
0.6900000000000001,0.7261139048185463,0.003897276531691314,0.23648309955919838,0.033505719090564164
0.7000000000000001,0.723315518444135,0.004044488546065438,0.2383660636403403,0.03427392936945942
0.71,0.7205418064567758,0.004194717936920132,0.24021766919419804,0.03504580641210624
0.72,0.7177924785925948,0.004347965771527242,0.2420383349374279,0.03582122069845028
0.73,0.7150672481706488,0.004504232510930231,0.24382847425532916,0.03660004506309189
0.74,0.7123658321094283,0.004663517995417062,0.2455884951759758,0.037382154719178995
0.75,0.7096879508768014,0.004825821461471407,0.24731880044580176,0.03816742721592564
0.76,0.7070333284409492,0.004991141558236373,0.24901978760367527,0.038955742397139226
0.77,0.7044016922222917,0.005159476363490757,0.2506918490534615,0.03974698236075622
0.78,0.7017927730464018,0.005330823399137804,0.25233537213507407,0.040541031419386545
0.79,0.6992063050979119,0.005505179646206491,0.2539507391940153,0.041337776061866505
0.8,0.6966420259078484,0.005682541544628218,0.2555383276000201,0.04213710494750347
0.81,0.6940996766993736,0.005862904830148876,0.25709850922005606,0.04293890925042178
0.8200000000000001,0.6915790018147183,0.006046264788624417,0.25863165129011606,0.0437430821065414
0.8300000000000001,0.689079748734561,0.006232616241127191,0.26013811638506806,0.044549518639243904
0.84,0.6866016681396061,0.006421953509842159,0.2616182623242534,0.04535811602629854
0.85,0.6841445138761743,0.006614270427534242,0.26307244222321585,0.0461687734730759
0.86,0.6817080429230333,0.006809560346414118,0.26450100454353753,0.04698139218701528
0.87,0.6792920153594709,0.007007816146402473,0.26590429314078085,0.04779587535334594
0.88,0.6768961943346083,0.007209030242792686,0.26728264731053697,0.04861212811206217
0.89,0.6745203460379551,0.00741319459331197,0.268636401832581,0.04943005753615224
0.9,0.6721642396138359,0.007620300734009841,0.2699658871008137,0.05024957255134086
0.91,0.6698276463983193,0.00783034016271853,0.27127143028866446,0.05107058315029799
0.92,0.6675103408784491,0.008043303839057797,0.27255335388221,0.051893001400283315
0.93,0.6652121005692558,0.008259182239621838,0.27381197586731143,0.05271674132381115
0.9400000000000001,0.6629327057909624,0.008477965464398938,0.2750476100692925,0.05354171867534637
0.9500000000000001,0.6606719396361627,0.00869964324577588,0.2762605662022771,0.05436785091578456
0.96,0.6584295879377678,0.008924204957183669,0.27745114991735575,0.05519505718769296
0.97,0.6562054392377205,0.009151639621384603,0.27861966284958295,0.05602325829131229
0.98,0.6539992847564763,0.009381935918400657,0.27976640266380415,0.05685237666131919
0.99,0.6518109183632542,0.009615082193083206,0.28089166309931324,0.05768233634434955
1.0,0.6496401365201511,0.009851066476179686,0.28199573405446254,0.05851306294920701
1.01,0.6474867378848689,0.010089876681258006,0.28307890219310816,0.059344483240765286
1.02,0.6453505237692481,0.0103315003609111,0.28414145024290705,0.06017652562693413
1.03,0.6432312980721763,0.01057592473370485,0.28518365709706645,0.06100912009705267
1.04,0.6411288671507231,0.01082313674297812,0.2862057980105242,0.06184219809577484
1.05,0.6390430397895754,0.01107312306505224,0.2872081446458723,0.06267569249950038
1.06,0.6369736271710044,0.011325870117204019,0.2881909651184729,0.06350953759331895
1.07,0.6349204428453625,0.011581364065402259,0.289154524040768,0.06434366904846751
1.08,0.6328833027021111,0.011839590831807788,0.2900990825657805,0.06517802390030088
1.09,0.6308620249413789,0.012100536102036983,0.2910248984298089,0.0660125405267755
1.1,0.6288564300391493,0.012364185335782804,0.2919322260048679,0.06684715862020031
1.11,0.6268663406185054,0.012630523826397996,0.292821316494789,0.06768181906030785
1.12,0.6248915815541186,0.012899536639052495,0.29369241777465216,0.068516464032177
1.1300000000000001,0.6229319799373347,0.013171208621526114,0.29454577444339225,0.06935103699774717
1.1400000000000001,0.62098736502128,0.01344552442544711,0.2953816279069652,0.07018548264630783
1.1500000000000001,0.619057568194115,0.013722468512911772,0.29620021641847444,0.07101974687449907
1.16,0.6171424229527526,0.014002025162901466,0.29700177511758946,0.07185377676675671
1.17,0.6152417648770434,0.014284178477497144,0.29778653606925726,0.07268752057620248
1.18,0.6133554316044252,0.014568912387891236,0.29855472830170515,0.07352092770597866
1.19,0.6114832628050385,0.01485621066019705,0.2993065778437369,0.0743539486910278
1.2,0.6096251001500611,0.01514605690521826,0.3000423077724403,0.07518653517228059
1.21,0.6077807871735869,0.015438434649440003,0.3007621384242695,0.07601863975270388
1.22,0.6059501693946199,0.015733327256653853,0.3014662872069596,0.07685021614176689
1.23,0.6041330942872492,0.016030717936864843,0.3021549686444307,0.07768121913145551
1.24,0.6023294112243486,0.016330589770472293,0.30282839446232657,0.07851160454285286
1.25,0.6005389714538084,0.016632925713826754,0.3034867736236366,0.07934132920872856
1.26,0.5987616280751596,0.01693770860462657,0.3041303123637225,0.08017035095649154
1.27,0.5969972360165895,0.017244921167154034,0.3047592142247507,0.08099862859150601
1.28,0.5952456520123489,0.01755454601735122,0.3053736800895291,0.081826121880771
1.29,0.5935067345805527,0.017866565667735375,0.30597390821474907,0.08265279153696306
1.3,0.5917803439978608,0.01818096253384121,0.30656009426898656,0.08347859919931173
1.31,0.5900663422186243,0.018497718967382892,0.30713243145540553,0.08430350735858759
1.32,0.5883645929283329,0.01881681722489539,0.3076911104296349,0.0851274794171372
1.33,0.5866749615209671,0.019138239472976878,0.3082363193337037,0.08595047967235266
1.34,0.5849973150606719,0.019461967801095128,0.30876824385389334,0.08677247328434
1.35,0.583331522261035,0.019787984225960377,0.309287067251741,0.08759342626126389
1.36,0.5816774534647199,0.02011627069575619,0.30979297039450704,0.08841330544501717
1.37,0.5800349806234508,0.02044680909422836,0.3102861317851059,0.08923207849721523
1.3800000000000001,0.5784039772783534,0.020779581244631803,0.3107667275915,0.0900497138855152
1.3900000000000001,0.5767843185406475,0.02111456891353548,0.31123493167555716,0.09086618087026016
1.4000000000000001,0.5751758810670147,0.021451753817421516,0.3116909156300562,0.09168144948550797
1.41,0.573578542941458,0.021791117677655365,0.31213484895864857,0.09249549042223836
1.42,0.5719921837922725,0.02213264215397629,0.3125668988963886,0.09330827515736295
1.43,0.5704166847684612,0.02247630885067638,0.31298723044514615,0.09411977593571653
1.44,0.5688519284895142,0.02282209933658881,0.31339600644974835,0.09492996572414894
1.45,0.5672977990275531,0.02316999514838747,0.31379338762464254,0.09573881819941722
1.46,0.5657541818898074,0.023519977793756523,0.3141795325800579,0.09654630773637844
1.47,0.5642209640014214,0.023872028754429998,0.31455459784766576,0.09735240939648307
1.48,0.5626980336885906,0.02422612948910137,0.31491873790573927,0.09815709891656905
1.49,0.5611852806620297,0.024582261436203134,0.31527210520381094,0.09896035269795657
1.5,0.5596825960007706,0.024940406016556352,0.3156148501868301,0.09976214779584325
1.51,0.5581898721362916,0.025300544635890237,0.31594712131881825,0.10056246190900021
1.52,0.5567070028369762,0.02566265868723169,0.31626906510602376,0.10136127336976866
1.53,0.5552338831854595,0.02602672955698311,0.3165808261309522,0.10215856112660546
1.54,0.5537704093288923,0.0263927387475218,0.3168825474334753,0.10295430449011084
1.55,0.5523164787463261,0.026760667734581054,0.3171743701015712,0.103748483417522
1.56,0.5508719902697821,0.027130497951018857,0.3174564332385399,0.10454107854065942
1.57,0.5494368439753298,0.027502210837305446,0.3177288741289036,0.10533207105846139
1.58,0.5480109411679144,0.02787578784396085,0.31799182826102157,0.10612144272710348
1.59,0.5465941843664601,0.028251210433891196,0.3182454293492888,0.10690917585036021
1.6,0.5451864772892481,0.02862846008462362,0.3184898093559196,0.10769525327020903
1.61,0.5437877248395682,0.029007518290439925,0.3187250985123152,0.10847965835767695
1.62,0.5423978330916466,0.029388366564408904,0.3189514253400155,0.10926237500392931
1.6300000000000001,0.5410167092768462,0.029770986440317344,0.31916891667123565,0.11004338761160104
1.6400000000000001,0.5396442617701441,0.03015535947449973,0.31937769766898616,0.11082268108637029
1.6500000000000001,0.538280400076881,0.030541467247566626,0.31957789184677815,0.11160024082877441
1.6600000000000001,0.5369250348175261,0.03092929136711783,0.3197696210913619,0.11237605272399452
1.67,0.53557807755282,0.03131881354712841,0.3199530059289044,0.11315010297114746
1.68,0.5342394409374274,0.03171001552963028,0.32012816529016347,0.11392237824277922
1.69,0.5329090387736176,0.03210287905442514,0.3202952164281279,0.11469286574382968
1.7,0.5315867859173182,0.03249738589971344,0.32045427506081103,0.11546155312215765
1.71,0.5302725982653392,0.03289351788377855,0.32060545539025165,0.11622842846063093
1.72,0.5289663927428315,0.03329125686658928,0.32074887012116177,0.11699348026941778
1.73,0.527668087290979,0.033690584751320654,0.32088463047922083,0.11775669747847979
1.74,0.5263776008549247,0.03409148348579294,0.32101284622901655,0.11851806943026613
1.75,0.5250948533719302,0.034493935063828966,0.321133625691632,0.1192775858726092
1.76,0.5238197657597696,0.03489792152652969,0.32124707576187944,0.12003523695182156
1.77,0.5225522599053574,0.035303424963468076,0.3213533019251806,0.12079101320599438
1.78,0.5212922586536087,0.035710427513801185,0.3214524082740932,0.12154490555849724
1.79,0.520039685796107,0.03611891136750185,0.3215444975251382,0.12229690531125327
1.8,0.5187944659250149,0.03652885882986931,0.32162967124099745,0.12304700400411872
1.81,0.5175565245320964,0.03694025227101834,0.32170802967916234,0.12379519351772328
1.82,0.5163257880992977,0.037353074079358645,0.32177967165345034,0.12454146616789356
1.83,0.515102184001123,0.03776730670344176,0.32184469468235194,0.12528581461308372
1.84,0.5138856404938265,0.03818293265308556,0.321903195005069,0.12602823184801934
1.85,0.5126760867048036,0.038599934500434585,0.3219552675972564,0.12676871119750585
1.86,0.5114734526221763,0.039018294880956116,0.32200100618646704,0.127507246310401
1.87,0.510277669084576,0.039437996494372046,0.3220405032673004,0.12824383115375196
1.8800000000000001,0.5090886677711235,0.03985902210552655,0.32207385011625383,0.12897846000709648
1.8900000000000001,0.507906381191604,0.0402813545451895,0.3221011368062783,0.12971112745692856
1.9000000000000001,0.5067307426768402,0.04070497671079572,0.3221224522210362,0.13044182839132823
1.9100000000000001,0.5055616863692607,0.04112987156711994,0.3221378840688638,0.13117055799475594
1.92,0.5043991472136659,0.04155602214688761,0.32214751889643595,0.13189731174301095
1.93,0.5032430608478188,0.04198341159730748,0.3221514422549878,0.13262208529988626
1.94,0.5020933636454352,0.04241202315680683,0.32214973863445395,0.13334487456330435
1.95,0.5009499928307579,0.04284184009899526,0.3221424912885946,0.13406567578165252
1.96,0.49981288638423915,0.04327284577236056,0.3221297823782436,0.13478448546515712
1.97,0.4986819830333677,0.043705023600980254,0.3221116929848921,0.1355013003807603
1.98,0.49755722224367405,0.04413835708517771,0.3220883031240059,0.13621611754714277
1.99,0.4964385442098999,0.044572829802128434,0.32205969175809285,0.13692893422987915
2.0,0.4953258898473328,0.0450084254064168,0.3220259368095235,0.13763974793672729
2.0100000000000002,0.4942192007833051,0.045445127630542974,0.32198711517310213,0.13834855641305013
2.02,0.49311841934885875,0.04588292028538017,0.3219433027283902,0.13905535763737123
2.0300000000000002,0.4920234885705736,0.046321787260582385,0.321894574351781,0.1397601498170634
2.04,0.49093435216256176,0.0467617125249421,0.3218410039283263,0.1404629313841702
2.05,0.4898509545186257,0.04720268012669869,0.32178266436331465,0.14116370099136136
2.06,0.4887732406374964,0.04764467422186316,0.32171962769549517,0.14186245744514564
2.07,0.4877011561248154,0.04808767907045501,0.32165196509373956,0.1425591997109904
2.08,0.48663464730970696,0.04853167898481806,0.32157974667965755,0.14325392702581777
2.09,0.48557366116303485,0.048976658360923644,0.32150304165143123,0.14394663882461056
2.1,0.48451814528913645,0.04942260167895274,0.32142191829604716,0.144637334735864
2.11,0.48346804791823245,0.04986949350361466,0.3213364440005055,0.14532601457764774
2.12,0.4824233178989761,0.05031731848442691,0.32124668526281885,0.14601267835377854
2.13,0.4813839046911421,0.050766061355955426,0.3211527077028009,0.1466973262501019
2.14,0.4803497583584557,0.051215706938015915,0.3210545760726443,0.14737995863088438
2.15,0.47932082956156147,0.051666240135835595,0.3209523542672884,0.1480605760353149
2.16,0.4782970695511316,0.052117645940176066,0.32084610533457614,0.1487391791741165
2.17,0.4772784301611151,0.0525699094274166,0.32073589148520115,0.1494157689262675
2.18,0.4762648638021252,0.05302301575959847,0.32062177410244397,0.1500903463358327
2.19,0.47525632341864166,0.05347695019957654,0.32050381380686804,0.15076291257491403
2.2,0.47425276240483105,0.05393169814344436,0.32038207058386386,0.15143346886786108
2.21,0.47325413483298784,0.054387245022627824,0.3202566034364113,0.15210201670797335
2.22,0.4722603952971997,0.05484357636643433,0.32012747062221186,0.1527685577141544
2.23,0.47127149892913967,0.055300677792850784,0.3199947296294098,0.15343309364860003
2.24,0.47028740139155384,0.055758535008660744,0.319858437186189,0.15409562641359675
2.25,0.46930805887188304,0.05621713380952476,0.3197186492701691,0.15475615804842344
2.2600000000000002,0.4683334280760157,0.05667646008002529,0.3195754211176039,0.15541469072635544
2.27,0.4673634662221709,0.057136499793676084,0.3194288072323845,0.15607122675176888
2.2800000000000002,0.46639813103490907,0.057597239012897636,0.31927886139484946,0.15672576855734416
2.29,0.46543738073927,0.0580586638889586,0.31912563667040544,0.1573783187013663
2.3000000000000003,0.4644811740550346,0.05852076066188454,0.31896918541795966,0.1580288798651215
2.31,0.46352947019111074,0.0589835156603342,0.318809559298168,0.1586774548503874
2.32,0.4625822288053067,0.05944691531491961,0.31864680933414813,0.15932404654562593
2.33,0.4616394099686957,0.059910946169760615,0.31848098596523633,0.1599686578963077
2.34,0.4607009742814139,0.06037559483530425,0.318312138871204,0.16061129201207813
2.35,0.4597668828079398,0.06084084801119464,0.31814031707010426,0.16125195211076165
2.36,0.4588370970684985,0.06130669248738416,0.3179655689310464,0.16189064151307123
2.37,0.4579115790334932,0.06177311514408603,0.31778794218238404,0.162527363640037
2.38,0.4569902911180126,0.062240102951713165,0.3176074839197894,0.16316212201048516
2.39,0.45607319617641123,0.0627076429708047,0.317424240614218,0.1637949202385664
2.4,0.4551602574969615,0.06317572235194072,0.31723825811976825,0.16442576203132986
2.41,0.4542514387965725,0.06364432833564695,0.31704958168143926,0.1650546511863416
2.42,0.4533467042155757,0.0641134482522896,0.3168582559427906,0.1656815915893444
2.43,0.4524460183125728,0.06458306952196215,0.31666432495350855,0.16630658721195682
2.44,0.4515493460593448,0.06505317965436469,0.3164678321768818,0.16692964210940903
2.45,0.4506566528358182,0.065523766248677,0.3162688204971918,0.16755076041831332
2.46,0.44976790442508746,0.06599481699342634,0.31606733222702005,0.16816994635446647
2.47,0.44888306699538455,0.06646631967070227,0.3158634091342677,0.16878720419964585
2.48,0.44800210707680627,0.06693826216212542,0.31565709247709384,0.1694025382839748
2.49,0.4471249916128085,0.06741063243000625,0.31544842292594655,0.17001595303123904
2.5,0.44625168792974484,0.06788341852572824,0.3152374406093599,0.17062745293516743
2.5100000000000002,0.4453821637298747,0.06835660859035307,0.3150241851243094,0.1712370425554632
2.52,0.44451638708637553,0.06883019085457454,0.3148086955435441,0.17184472651550617
2.5300000000000002,0.44365432643837627,0.06930415363868005,0.3145910104228863,0.17245050950005772
2.54,0.44279595058601073,0.0697784853525202,0.3143711678085041,0.1730543962529653
2.5500000000000003,0.441941228685486,0.07025317449548805,0.3141492052441619,0.17365639157486434
2.56,0.4410901302441649,0.07072820965650911,0.31392515977845215,0.17425650032087425
2.57,0.44024262511565776,0.07120357951404307,0.3136990679720132,0.1748547273982863
2.58,0.4393986834949225,0.07167927283609882,0.3134709659047382,0.17545107776424076
2.59,0.4385582759133682,0.07215527848026335,0.31324088918297893,0.17604555642338987
2.6,0.43772137323396015,0.07263158539374638,0.3130088729467486,0.17663816842554517
2.61,0.43688794664632397,0.07310818261344129,0.31277495187693,0.1772289188633051
2.62,0.4360579676963614,0.07358505925114155,0.3125391601500209,0.17781781290247647
2.63,0.4352314083523184,0.07406220446307754,0.31230153133747307,0.17840485584713134
2.64,0.43440824081812307,0.07453960752828918,0.3120620986892058,0.1789900529643823
2.65,0.43358843760480326,0.07501725781589028,0.3118208950248156,0.1795734095544912
2.66,0.4327719715350953,0.07549514478111495,0.3115779527263428,0.18015493095744733
2.67,0.4319588157393737,0.07597325796511603,0.3113333037442327,0.18073462255127792
2.68,0.43114894365160783,0.07645158699476759,0.3110869796032581,0.18131248975036685
2.69,0.43034232900534236,0.07693012158247176,0.3108390114084063,0.1818885380037799
2.7,0.42953894582970076,0.07740885152597103,0.3105894298507333,0.18246277279359527
2.71,0.4287387684454101,0.07788776670816618,0.3103382652131869,0.18303519963323714
2.72,0.4279417714608445,0.07836685709694101,0.31008554737640315,0.1836058240658117
2.73,0.4271479297680864,0.078846112744994,0.309831305824477,0.18417465166244293
2.74,0.4263572185390034,0.07932552378967818,0.3095755696507111,0.1847416880206077
2.75,0.4255696132213391,0.07980508045284913,0.30931836756334447,0.18530693876246765
2.7600000000000002,0.4247850895348162,0.08028477304072257,0.30905972789126473,0.18587040953319686
2.77,0.4240036234857533,0.08076459193594462,0.30879967856159535,0.1864321060167071
2.7800000000000002,0.423225191416304,0.08124452757508865,0.3085382470246879,0.18699203398391986
2.79,0.42244976988148736,0.08172457049872707,0.30827546044073,0.18755019917905594
2.8000000000000003,0.4216773356909306,0.08220471133211507,0.308011345616129,0.1881066073608258
2.81,0.42090786591305956,0.08268494078171014,0.30774592899694425,0.18866126430828645
2.82,0.4201413378718139,0.08316524963485616,0.30747923667367877,0.18921417581965155
2.83,0.41937772914339233,0.08364562875946795,0.3072112943860249,0.18976534771111522
2.84,0.41861701755302844,0.08412606910371688,0.3069421275275663,0.19031478581568884
2.85,0.41785918117179505,0.08460656169571817,0.3066717611504371,0.19086249598205013
2.86,0.4171041983134365,0.0850870976432196,0.30640021996994093,0.1914084840734034
2.87,0.41635204753122784,0.08556766813329274,0.30612752836912943,0.1919527559663504
2.88,0.4156027076148602,0.08604826443202616,0.3058537104033437,0.19249531754977037
2.89,0.41485615758734995,0.08652887788422199,0.3055787898047191,0.19303617472370935
2.9,0.41411237670197343,0.08700949991309512,0.30530278998665517,0.19357533339827668
2.91,0.41337134443922274,0.08749012201997632,0.30502573404825223,0.19411279949254917
2.92,0.4126330405100408,0.08797073578140685,0.3047476447692143,0.19464857893933846
2.93,0.41189744487728486,0.08845133283863595,0.30446854457706707,0.19518267770701248
2.94,0.41116453770343686,0.08893190491792224,0.30418845562639435,0.19571510175224696
2.95,0.410434299364549,0.08941244382319521,0.3039073997774763,0.1962458570347799
2.96,0.40970671045152157,0.0898929414340181,0.30362539859417065,0.1967749495202901
2.97,0.4089817517674119,0.09037338970522028,0.30334247334782144,0.1973023851795468
2.98,0.40825940432477315,0.0908537806665297,0.30305864502112534,0.19782816998757222
2.99,0.4075396493430196,0.09133410642220666,0.3027739343119573,0.19835230992281683
3.0,0.40682246824582047,0.09181435915067804,0.30248836163715603,0.19887481096634585
3.0100000000000002,0.40610784265851907,0.09229453110417321,0.3022019471362704,0.19939567910103767
3.02,0.4053957544055788,0.09277461460836092,0.3019147106752683,0.19991492031079236
3.0300000000000002,0.40468618550805324,0.09325460206198824,0.3016266718502081,0.2004325405797508
3.04,0.4039791181810817,0.09373448593652094,0.301337849990875,0.2009485458915228
3.0500000000000003,0.4032745348314071,0.09421425877578633,0.30104826416438196,0.20146294222842495
3.06,0.4025724180549187,0.09469391319561807,0.3007579331787376,0.20197573557072596
3.0700000000000003,0.4018727506374981,0.0951734418817967,0.3004668755813608,0.20248693189934475
3.08,0.40117551556992287,0.09565283758069536,0.3001751096361035,0.20299653721327868
3.09,0.4004806960136044,0.09613209311550307,0.2998826533754541,0.20350455749543878
3.1,0.39978827530771865,0.0966112013809394,0.2995895245894491,0.20401099872189324
3.11,0.3990982369702719,0.09709015534113584,0.29929574082385785,0.20451586686473477
3.12,0.39841056469592095,0.09756894802921848,0.29900131938333374,0.20501916789152722
3.13,0.3977252423538192,0.09804757254688992,0.29870627733452587,0.20552090776476536
3.14,0.3970422539854892,0.09852602206401112,0.2984106315091521,0.20602109244134792
3.15,0.3963615838027205,0.09900428981818238,0.29811439850703497,0.20651972787206246
3.16,0.39568321618549246,0.09948236911432455,0.29781759469910024,0.2070168200010831
3.17,0.39500713567992163,0.09996025332425974,0.2975202362303396,0.20751237476547943
3.18,0.39433332699623325,0.10043793588629231,0.2972223390227374,0.2080063980947374
3.19,0.3936617750067563,0.10091541030478961,0.29692391877816376,0.20849889591029072
3.2,0.3929924647439414,0.1013926701497632,0.2966249909812322,0.20898987412506356
3.21,0.39232538139840145,0.10186970905645022,0.29632557090212547,0.2094793386430232
3.22,0.39166051031693727,0.1023465207252231,0.2960256735994756,0.2099672953583644
3.23,0.3909978370003589,0.10282309892350894,0.2957253139237483,0.21045375015238427
3.24,0.39033734710203644,0.10329943748141088,0.29542450651891633,0.21093870889763677
3.25,0.3896790264259161,0.1037755302922688,0.29512326582541987,0.21142217745639558
3.2600000000000002,0.3890228609246064,0.10425137131277432,0.2948216060829783,0.21190416167964132
3.27,0.38836883669754124,0.10472695456257568,0.2945195413332371,0.21238466740664633
3.2800000000000002,0.3877169399891621,0.10520227412388546,0.2942170854223866,0.21286370046456615
3.29,0.38706715718711915,0.10567732414108987,0.2939142520037544,0.21334126666803702
3.3000000000000003,0.38641947482048916,0.10615209882036103,0.2936110545403706,0.21381737181877958
3.31,0.38577387955801234,0.10662659242927137,0.293307506307509,0.21429202170520764
3.3200000000000003,0.38513035820634495,0.10710079929641103,0.2930036203952018,0.21476522210204263
3.33,0.3844888977083291,0.10757471381100768,0.29269940971073155,0.21523697876993203
3.34,0.38384948514127837,0.10804833042254977,0.2923948869810994,0.2157072974550728
3.35,0.3832121077152785,0.10852164364041245,0.29209006475547095,0.21617618388883844
3.36,0.382576752771504,0.10899464803348681,0.2917849554076001,0.2166436437874095
3.37,0.38194340777097213,0.10946733823144236,0.2914795711525352,0.21710968284505067
3.38,0.3813120603520039,0.10993970890918278,0.29117392396018316,0.2175743067786305
3.39,0.38068269823131734,0.11041175481121834,0.29086802570378284,0.21803752125368178
3.4,0.38005530926501097,0.11088347073764156,0.2905618880684226,0.21849933192892523
3.41,0.37942988143295475,0.11135485154580584,0.29025552257423054,0.21895974444700922
3.42,0.37880640283730954,0.11182589214992605,0.28994894057849646,0.21941876443426822
3.43,0.3781848617010581,0.11229658752068201,0.28964215327777554,0.21987639750048465
3.44,0.3775652463665492,0.11276693268482413,0.2893351717099739,0.2203326492386531
3.45,0.37694754529405355,0.11323692272478211,0.28902800675641643,0.22078752522474823
3.46,0.3763317470603328,0.11370655277827585,0.28872066914389644,0.22124103101749526
3.47,0.37571784035722006,0.11417581803792923,0.28841316944670736,0.2216931721581437
3.48,0.37510581399021364,0.11464471375088624,0.28810551808865675,0.2221439541702437
3.49,0.37449565687708275,0.11511323521842995,0.28779772534506143,0.22259338255942618
3.5,0.3738873580464858,0.11558137779560379,0.2874898013447258,0.22304146281318493
3.5100000000000002,0.37328090663660074,0.11604913689083574,0.28718175607190105,0.22348820040066275
3.52,0.37267629189444174,0.11651650796530404,0.2868735993672068,0.2239336007730478
3.5300000000000002,0.37207350318350707,0.11698348652908387,0.28656534091592284,0.22437766937148654
3.54,0.37147252996868985,0.1174500681461069,0.2862569902707491,0.2248204116144545
3.5500000000000003,0.370873361816705,0.11791624843311904,0.28594855685104414,0.22526183289913218
3.56,0.3702759883975814,0.11838202305823331,0.28564004994045245,0.22570193860373322
3.5700000000000003,0.36968039948339565,0.11884738774055835,0.2853314786887119,0.22614073408733446
3.58,0.36908658494701885,0.11931233824982904,0.2850228521134433,0.22657822468970917
3.59,0.3684945347608769,0.1197768704060396,0.2847141791019197,0.2270144157311642
3.6,0.3679042389957235,0.12024098007907882,0.28440546841281716,0.22744931251238085
3.61,0.367315687819427,0.12070466318836767,0.2840967286779463,0.2278829203142594
3.62,0.3667288714957698,0.12116791570249916,0.2837879684039639,0.22831524439776746
3.63,0.3661437803832614,0.12163073363888044,0.2834791959740666,0.22874629000379193
3.64,0.36556040493396413,0.12209311306337732,0.28317041964966416,0.22917606235299473
3.65,0.36497873569233286,0.12255505008996091,0.2828616475720343,0.22960456664567228
3.66,0.36439876329406695,0.12301654088035671,0.282552887763958,0.23003180806161871
3.67,0.36382047846497606,0.12347758164369582,0.2822441481313358,0.23045779175999268
3.68,0.3632438720198589,0.12393816863616859,0.28193543646478486,0.230882522879188
3.69,0.36266893486371055,0.12439829815989951,0.2816267604377187,0.2313060065386716
3.7,0.36209565800458243,0.12485796655789848,0.28131812758682195,0.23172824785069754
3.71,0.36152403252659804,0.12531717022245797,0.28100954535272493,0.23214925189821942
3.72,0.36095404959622557,0.12577590559233984,0.28070102107043254,0.2325690237410024
3.73,0.3603857004642856,0.12623416915140703,0.2803925619661979,0.2329875684181099
3.74,0.3598189764649569,0.1266919574282747,0.2800841751589309,0.2334048909478379
3.75,0.3592538690147981,0.12714926699596288,0.27977586766158596,0.2338209963276534
3.7600000000000002,0.35869036961178247,0.12760609447155127,0.2794676463825279,0.23423588953413874
3.77,0.35812846983434793,0.12806243651583551,0.27915951812687734,0.23464957552293958
3.7800000000000002,0.35756816134046177,0.12851828983298566,0.27885148959783407,0.23506205922871887
3.79,0.3570094358666992,0.12897365117020618,0.27854356739798036,0.23547334556511465
3.8000000000000003,0.3564522852273369,0.12942851731739805,0.2782357580305619,0.23588343942470352
3.81,0.35589670131346113,0.12988288510682247,0.2779280679007485,0.23629234567896834
3.8200000000000003,0.35534267609208975,0.1303367514127667,0.2776205033168727,0.2367000691782712
3.83,0.3547902016053097,0.13079011315121142,0.2773130704916485,0.2371066147518308
3.84,0.3542392699694279,0.13124296727950008,0.2770057755433671,0.23751198720770533
3.85,0.35368987337413754,0.13169531079601027,0.27669862449707316,0.2379161913327794
3.86,0.3531420040806048,0.13214714073898504,0.27639162328724753,0.23831923189316298
3.87,0.3525956544175668,0.1325984541838261,0.2760847777632674,0.23872111363534004
3.88,0.3520508167878639,0.13304924824840283,0.27577809368028616,0.23912184128344752
3.89,0.35150748366480516,0.1334995200905325,0.275471576704318,0.2395214195403447
3.9,0.3509656475909176,0.13394926690728365,0.27516523241399216,0.23991985308780703
3.91,0.35042530117718473,0.13439848593464804,0.27485906630162016,0.24031714658654743
3.92,0.3498864371023013,0.13484717444721397,0.2745530837742425,0.2407133046762427
3.93,0.3493490481119399,0.13529532975784136,0.2742472901546544,0.24110833197556475
3.94,0.3488131270180339,0.135742949217338,0.2739416906824114,0.24150223308221708
3.95,0.3482786666980728,0.13619003021413795,0.2736362905148136,0.24189501257297605
3.96,0.34774566009441277,0.13663657017398087,0.2733310947278697,0.24228667500373702
3.97,0.3472141002136008,0.13708256655959342,0.2730261083172404,0.24267722490956584
3.98,0.34668398012571316,0.13752801687037183,0.27272133619916056,0.2430666668047548
3.99,0.34615529296370834,0.13797291864206632,0.27241678321134155,0.24345500518288415
4.0,0.34562803192279334,0.13841726944646685,0.2721124541138521,0.24384224451688807
4.01,0.3451021902598049,0.13886106689109068,0.27180835358997896,0.2442283892591259
4.0200000000000005,0.3445777612926041,0.13930430861887125,0.2715044862470667,0.24461344384145836
4.03,0.34405473838848194,0.13974699230866222,0.27120085663366394,0.24499741266919234
4.04,0.3435331149514305,0.14018911567582823,0.2708974692583506,0.24538030011439108
4.05,0.3430128844662693,0.14063067646863425,0.27059432852421217,0.2457621105408847
4.0600000000000005,0.34249404047662896,0.14107167246952818,0.270291438761448,0.2461428482923953
4.07,0.3419765765829169,0.14151210149494828,0.269988804230334,0.24652251769180128
4.08,0.3414604864417078,0.14195196139502844,0.2696864291220705,0.24690112304119374
4.09,0.3409457637651456,0.14239125005330455,0.269384317559614,0.2472786686219363
4.1,0.34043240232035793,0.1428299653864231,0.269082473598491,0.24765515869472846
4.11,0.33992039592888124,0.14326810534385118,0.26878090122759535,0.24803059749967268
4.12,0.33940973846609884,0.1437056679075884,0.2684796043699681,0.24840498925634513
4.13,0.3389004238606895,0.1441426510918805,0.26817858688356033,0.24877833816387013
4.14,0.33839244609408853,0.1445790529429348,0.26787785256197927,0.24915064840099785
4.15,0.3378857991999603,0.1450148715386371,0.2675774051352168,0.2495219241261863
4.16,0.3373804772636828,0.14545010498827052,0.26727724827036103,0.24989216947768614
4.17,0.3368764744218431,0.14588475143223625,0.2669773855722912,0.25026138857362984
4.18,0.33637378486174574,0.1463188090417757,0.2666778205843549,0.25062958551212416
4.19,0.33587240282093156,0.14675227601869448,0.26637855678902833,0.2509967643713461
4.2,0.33537232257266936,0.14718515059535345,0.26607959762931194,0.2513629292026657
4.21,0.334873538424881,0.14761743103440797,0.26578094651026835,0.25172808403044317
4.22,0.3343760447525154,0.14804911562791706,0.265482606751124,0.25209223286844396
4.23,0.3338798359780556,0.1484802026974345,0.2651845816140318,0.2524553797104786
4.24,0.3333849065706968,0.1489106905937489,0.2648868743052368,0.252817528530318
4.25,0.3328912510458557,0.14934057769661996,0.2645894879757528,0.253178683281772
4.26,0.33239886396468965,0.14976986241451606,0.2642924257220257,0.253538847898769
4.2700000000000005,0.3319077399336251,0.15019854318435386,0.2639956905865815,0.25389802629544
4.28,0.3314178736038957,0.15062661847123934,0.2636992855586623,0.25425622236620316
4.29,0.33092925967108966,0.15105408676821128,0.26340321357484664,0.2546134399858529
4.3,0.3304418928747072,0.15148094659598588,0.26310747751965735,0.25496968300965
4.3100000000000005,0.3299557679977273,0.15190719650270343,0.26281208022615465,0.2553249552734151
4.32,0.3294708798661836,0.15233283506367667,0.2625170244765157,0.25567926059362445
4.33,0.3289872233487508,0.15275786088114118,0.26222231300260024,0.2560326027675083
4.34,0.3285047933563395,0.1531822725840071,0.2619279484865022,0.25638498557315176
4.3500000000000005,0.32802358484170124,0.15360606882761307,0.2616339335610877,0.2567364127695984
4.36,0.3275435927990436,0.15402924829348155,0.261340270810519,0.25708688809695623
4.37,0.32706481224728795,0.15445180968914662,0.26104696279492756,0.2574364152686383
4.38,0.3265872382405862,0.15487375174786608,0.26075401203484216,0.257784997976706
4.39,0.3261108658863604,0.15529507322830355,0.2604614209845096,0.2581326399008269
4.4,0.3256356903309827,0.15571577291435107,0.2601691920529932,0.2584793447016735
4.41,0.3251617067593701,0.1561358496148936,0.2598773276047275,0.25882511602100927
4.42,0.3246889103945864,0.15655530216357585,0.25958582996006124,0.25916995748177696
4.43,0.3242172964974527,0.1569741294185702,0.2592947013957897,0.259513872688188
4.44,0.3237468603661645,0.15739233026234703,0.25900394414567535,0.25985686522581364
4.45,0.32327759733591793,0.15780990360144634,0.2587135604009582,0.26019893866167804
4.46,0.322809502778542,0.15822684836625162,0.25842355231085423,0.2605400965443526
4.47,0.3223425721021399,0.15864316351076502,0.258133921983043,0.26088034240405256
4.48,0.32187680075073716,0.15905884801238482,0.2578446714841442,0.2612196797527343
4.49,0.3214121842039381,0.15947390087168412,0.25755580284018303,0.2615581120841953
4.5,0.32094871797658925,0.15988832111219184,0.2572673180370443,0.26189564287417516
4.51,0.32048639761845127,0.16030210778017526,0.25697921902091564,0.26223227558045836
4.5200000000000005,0.3200252187138779,0.16071525994442426,0.2566915076987194,0.26256801364297894
4.53,0.31956517688127284,0.1611277766960346,0.2564041859388732,0.2629028604838199
4.54,0.31910626775632506,0.16153965714799032,0.2561172555959701,0.2632368194997151
4.55,0.31864848700998766,0.1619509004351817,0.2558307184842266,0.2635698940706046
4.5600000000000005,0.31819183035444554,0.16236150571427496,0.25554457636864225,0.2639020875626378
4.57,0.317736293534107,0.1627714721633963,0.2552588309782438,0.2642334033242535
4.58,0.3172818723252726,0.16318079898192664,0.2549734840065329,0.26456384468626837
4.59,0.3168285625358112,0.1635894853902974,0.25468853711192535,0.26489341496196656
4.6000000000000005,0.31637636000484115,0.16399753062978872,0.2544039919181807,0.26522211744719
4.61,0.3159252606024182,0.1644049339623287,0.25411985001482396,0.26554995542042975
4.62,0.3154752602292295,0.1648116946702952,0.2538361129575576,0.26587693214291824
4.63,0.3150263548162936,0.1652178120563189,0.2535527822686652,0.26620305085872287
4.64,0.3145785403246666,0.1656232854430883,0.2532698594374061,0.2665283147948396
4.65,0.3141318127451545,0.16602811417315633,0.25298734592040095,0.26685272716128877
4.66,0.31368616809803196,0.16643229760874886,0.25270524314200915,0.26717629115121055
